   Income Bracket  weight           GTI           TTI  TI_special_rates  tax_TI_special_rates  Aggregate_Income  tax_Aggregate_Income     tax_TTI     rebate  surcharge       cess       pitax  pitax diff
0              <0   0.000         0.000         0.000             0.000                 0.000             0.000                 0.000       0.000      0.000      0.000      0.000       0.000       0.000
1              =0   0.000         0.000         0.000             0.000                 0.000             0.000                 0.000       0.000      0.000      0.000      0.000       0.000       0.000
2            0-5L 175.615   597,704.034   533,393.689             0.000                 0.000       533,393.689             7,307.753   6,433.425  6,302.795      0.000      5.225     135.855  -5,348.656
3           5-10L 152.565 1,037,405.129   834,531.645         3,556.549               679.285       830,975.095            40,251.319  40,902.126  4,834.325      0.000  1,442.712  37,510.513  -7,882.118
4          10-15L  52.277   638,792.706   566,229.908         3,080.225               467.319       563,149.683            72,145.842  72,613.161      0.000      0.000  2,904.526  75,517.688  -1,771.905
5          15-20L  25.639   423,354.244   378,039.202        20,431.480             4,086.296       360,728.450            61,852.211  65,938.507      0.000      0.000  2,637.540  68,576.047    -794.991
6          20-30L  17.110   397,019.365   370,656.543         1,792.349               358.470       368,864.194            78,496.861  78,855.331      0.000      0.000  3,154.213  82,009.544    -268.873
7          30-40L   3.212    97,307.348    92,489.995             0.000                 0.000        92,489.995            21,725.307  21,725.307      0.000      0.000    869.012  22,594.319      18.778
8          40-50L   0.000         0.000         0.000             0.000                 0.000             0.000                 0.000       0.000      0.000      0.000      0.000       0.000       0.000
9         50-100L   0.000         0.000         0.000             0.000                 0.000             0.000                 0.000       0.000      0.000      0.000      0.000       0.000       0.000
10          >100L   0.000         0.000         0.000             0.000                 0.000             0.000                 0.000       0.000      0.000      0.000      0.000       0.000       0.000
11            ALL 426.418 3,191,582.827 2,775,340.982        28,860.602             5,591.370     2,749,601.108           281,779.293 286,467.857 11,137.120      0.000 11,013.229 286,343.966 -16,047.765